6
7
2
5: is the result of the equation16
38
88
51
78
45
31
92
64
99
28
52
7
79
97
1
38
99
5
51
33
2
10
78
92
19
25
80
87
71
50
9
11
82
90
75
18
60
74
94
65
5
75
43
96
92
51
21
56
21
11
62
62
64
29
48
2
45
16
57
74
88
19
46
45
17
55
28
40
64
91
87
62
40
41
28
52
38
90
85
32
11
11
6
61
36
24
36
85
99
23
72
53
56
1
98
26
18
67
49
13
75
84
16
17
21
86
16
91
92
17
83
64
75
51
55
15
16
36
88
41
23
37
56
96
81
51
4
32
45
81
56
35
29
88
89
97
44
39
97
27
3
16
38
79
47
63
35
12
42
88
90
11
93
58
47
24
75
83
69
85
35
1
3
40
35
34
41
4
89
33
3
33
61
62
88
19
1
49
3
63
60
60
47
21
28
39
74
82
24
94
57
52
33
80
74
27
45
25
23
